chrom	length	bases	mean	min	max
contig_1	18127	22830818	1259.49	250	3228
contig_1_region	18127	22830818	1259.49	0	3228
contig_2	16601	18128315	1092.00	234	2085
contig_2_region	16601	18128315	1092.00	234	2085
contig_3	16140	17389748	1077.43	440	1705
contig_3_region	16140	17389748	1077.43	440	1705
contig_4	14764	18846068	1276.49	186	2448
contig_4_region	14764	18846068	1276.49	186	2448
contig_5	14726	16033679	1088.80	375	2281
contig_5_region	14726	16033679	1088.80	375	2281
contig_6	12713	15574169	1225.06	303	5838
contig_6_region	12713	15574169	1225.06	303	5838
contig_7	12445	18347148	1474.26	223	9376
contig_7_region	12445	18347148	1474.26	223	9376
contig_8	12298	14355252	1167.28	232	3559
contig_8_region	12298	14355252	1167.28	232	3559
contig_9	11927	18549506	1555.25	245	12351
contig_9_region	11927	18549506	1555.25	245	12351
contig_10	11376	11969155	1052.14	575	1602
contig_10_region	11376	11969155	1052.14	575	1602
contig_11	10968	11573686	1055.22	230	1806
contig_11_region	10968	11573686	1055.22	230	1806
contig_12	10781	14586840	1353.01	395	2185
contig_12_region	10781	14586840	1353.01	395	2185
contig_13	9737	9385414	963.89	168	1787
contig_13_region	9737	9385414	963.89	168	1787
contig_14	9140	10424991	1140.59	350	3605
contig_14_region	9140	10424991	1140.59	350	3605
contig_15	9078	11653948	1283.76	350	12098
contig_15_region	9078	11653948	1283.76	350	12098
contig_16	9021	10027679	1111.59	417	1745
contig_16_region	9021	10027679	1111.59	417	1745
contig_17	8960	9632270	1075.03	294	1801
contig_17_region	8960	9632270	1075.03	294	1801
contig_18	8812	10185337	1155.85	667	4533
contig_18_region	8812	10185337	1155.85	667	4533
contig_19	8727	14979661	1716.47	532	3191
contig_19_region	8727	14979661	1716.47	532	3191
contig_20	8515	7415985	870.93	329	1675
contig_20_region	8515	7415985	870.93	329	1675
contig_21	8353	5281993	632.35	260	1763
contig_21_region	8353	5281993	632.35	260	1763
contig_22	8223	9389787	1141.89	261	5002
contig_22_region	8223	9389787	1141.89	261	5002
contig_23	8175	8231230	1006.88	221	1630
contig_23_region	8175	8231230	1006.88	221	1630
contig_24	7939	13244957	1668.34	439	6842
contig_24_region	7939	13244957	1668.34	439	6842
contig_25	7495	9752035	1301.14	293	1913
contig_25_region	7495	9752035	1301.14	293	1913
contig_26	7484	8261040	1103.83	109	1713
contig_26_region	7484	8261040	1103.83	109	1713
contig_27	7429	7525679	1013.01	395	1852
contig_27_region	7429	7525679	1013.01	395	1852
contig_28	7424	8818315	1187.81	621	1804
contig_28_region	7424	8818315	1187.81	621	1804
contig_29	7372	2490488	337.83	82	931
contig_29_region	7372	2490488	337.83	82	931
contig_30	7356	7830373	1064.49	369	2108
contig_30_region	7356	7830373	1064.49	369	2108
contig_31	7182	7558816	1052.47	487	1603
contig_31_region	7182	7558816	1052.47	487	1603
contig_32	7173	8242475	1149.10	236	1782
contig_32_region	7173	8242475	1149.10	236	1782
contig_33	7160	7961558	1111.95	218	1743
contig_33_region	7160	7961558	1111.95	218	1743
contig_34	7088	7856277	1108.39	519	1734
contig_34_region	7088	7856277	1108.39	519	1734
contig_35	6993	6721338	961.15	151	2475
contig_35_region	6993	6721338	961.15	151	2475
contig_36	6973	8341285	1196.23	342	2798
contig_36_region	6973	8341285	1196.23	342	2798
contig_37	6899	5338487	773.81	129	1276
contig_37_region	6899	5338487	773.81	129	1276
contig_38	6883	7530502	1094.07	279	1681
contig_38_region	6883	7530502	1094.07	279	1681
contig_39	6846	8829020	1289.66	645	1948
contig_39_region	6846	8829020	1289.66	645	1948
contig_40	6675	7689284	1151.95	589	1965
contig_40_region	6675	7689284	1151.95	589	1965
contig_41	6655	8389760	1260.67	606	2020
contig_41_region	6655	8389760	1260.67	606	2020
contig_42	6615	7280432	1100.59	711	1762
contig_42_region	6615	7280432	1100.59	711	1762
contig_43	6583	8412814	1277.96	390	1862
contig_43_region	6583	8412814	1277.96	390	1862
contig_44	6574	7413923	1127.76	260	4155
contig_44_region	6574	7413923	1127.76	260	4155
contig_45	6512	8195819	1258.57	296	2705
contig_45_region	6512	8195819	1258.57	296	2705
contig_46	6469	7071051	1093.07	55	3925
contig_46_region	6469	7071051	1093.07	55	3925
contig_47	6421	6725526	1047.43	211	1748
contig_47_region	6421	6725526	1047.43	211	1748
contig_48	6397	9507081	1486.18	10	26885
contig_48_region	6397	9507081	1486.18	10	26885
contig_49	6385	5853303	916.73	320	1819
contig_49_region	6385	5853303	916.73	320	1819
contig_50	6384	6968311	1091.53	215	1611
contig_50_region	6384	6968311	1091.53	215	1611
contig_51	6357	7544207	1186.76	272	2551
contig_51_region	6357	7544207	1186.76	272	2551
contig_52	6331	6218984	982.31	260	2263
contig_52_region	6331	6218984	982.31	260	2263
contig_53	6321	7024367	1111.27	413	3856
contig_53_region	6321	7024367	1111.27	413	3856
contig_54	6305	6933839	1099.74	259	1984
contig_54_region	6305	6933839	1099.74	259	1984
contig_55	6279	7979237	1270.78	588	5375
contig_55_region	6279	7979237	1270.78	588	5375
contig_56	6248	4891592	782.91	337	1619
contig_56_region	6248	4891592	782.91	337	1619
contig_57	6239	8942676	1433.35	255	2340
contig_57_region	6239	8942676	1433.35	255	2340
contig_58	6187	6205578	1003.00	301	1614
contig_58_region	6187	6205578	1003.00	301	1614
contig_59	6165	7198266	1167.60	151	1958
contig_59_region	6165	7198266	1167.60	151	1958
contig_60	6155	7236467	1175.71	305	2385
contig_60_region	6155	7236467	1175.71	305	2385
contig_61	6152	6804764	1106.11	323	2075
contig_61_region	6152	6804764	1106.11	323	2075
contig_62	6148	7345549	1194.79	678	3105
contig_62_region	6148	7345549	1194.79	678	3105
contig_63	6121	7896774	1290.11	381	4107
contig_63_region	6121	7896774	1290.11	381	4107
contig_64	6068	5152952	849.20	380	1837
contig_64_region	6068	5152952	849.20	380	1837
contig_65	6014	6475402	1076.72	537	1769
contig_65_region	6014	6475402	1076.72	537	1769
contig_66	5991	6592727	1100.44	184	1903
contig_66_region	5991	6592727	1100.44	184	1903
contig_67	5962	6003314	1006.93	248	5732
contig_67_region	5962	6003314	1006.93	248	5732
contig_68	5912	5422466	917.20	281	1803
contig_68_region	5912	5422466	917.20	281	1803
contig_69	5882	7968245	1354.68	370	3081
contig_69_region	5882	7968245	1354.68	370	3081
contig_70	5832	5845514	1002.32	362	1713
contig_70_region	5832	5845514	1002.32	362	1713
contig_71	5823	6098347	1047.29	707	1643
contig_71_region	5823	6098347	1047.29	707	1643
contig_72	5801	5853974	1009.13	589	2235
contig_72_region	5801	5853974	1009.13	589	2235
contig_73	5712	5206717	911.54	423	1699
contig_73_region	5712	5206717	911.54	423	1699
contig_74	5684	3275759	576.31	205	1461
contig_74_region	5684	3275759	576.31	205	1461
contig_75	5681	9775971	1720.82	77	23857
contig_75_region	5681	9775971	1720.82	77	23857
contig_76	5670	7588816	1338.42	357	6012
contig_76_region	5670	7588816	1338.42	357	6012
contig_77	5665	7119616	1256.77	357	1782
contig_77_region	5665	7119616	1256.77	357	1782
contig_78	5652	8747321	1547.65	342	7098
contig_78_region	5652	8747321	1547.65	342	7098
contig_79	5651	6896357	1220.38	258	1683
contig_79_region	5651	6896357	1220.38	258	1683
contig_80	5623	7883448	1402.00	908	2056
contig_80_region	5623	7883448	1402.00	908	2056
contig_81	5578	12624715	2263.30	580	11695
contig_81_region	5578	12624715	2263.30	580	11695
contig_82	5563	5351536	961.99	475	2626
contig_82_region	5563	5351536	961.99	475	2626
contig_83	5556	4752601	855.40	507	2176
contig_83_region	5556	4752601	855.40	507	2176
contig_84	5555	6700575	1206.22	517	1736
contig_84_region	5555	6700575	1206.22	517	1736
contig_85	5471	4497030	821.98	224	1750
contig_85_region	5471	4497030	821.98	224	1750
contig_86	5469	4720118	863.07	395	3000
contig_86_region	5469	4720118	863.07	395	3000
contig_87	5433	4416750	812.95	214	1488
contig_87_region	5433	4416750	812.95	214	1488
contig_88	5416	5673380	1047.52	263	4824
contig_88_region	5416	5673380	1047.52	263	4824
contig_89	5341	7721951	1445.79	225	9607
contig_89_region	5341	7721951	1445.79	225	9607
contig_90	5317	5182150	974.64	369	1591
contig_90_region	5317	5182150	974.64	369	1591
contig_91	5263	5682617	1079.73	218	1737
contig_91_region	5263	5682617	1079.73	218	1737
contig_92	5246	5934978	1131.33	608	1776
contig_92_region	5246	5934978	1131.33	608	1776
contig_93	5211	5392773	1034.88	432	1681
contig_93_region	5211	5392773	1034.88	432	1681
contig_94	5207	7453016	1431.35	277	2510
contig_94_region	5207	7453016	1431.35	277	2510
contig_95	5170	5512227	1066.19	205	1859
contig_95_region	5170	5512227	1066.19	205	1859
contig_96	5155	5649630	1095.95	474	1857
contig_96_region	5155	5649630	1095.95	474	1857
contig_97	5139	6257472	1217.64	417	3078
contig_97_region	5139	6257472	1217.64	417	3078
contig_98	5139	5477168	1065.80	443	1660
contig_98_region	5139	5477168	1065.80	443	1660
contig_99	5080	5487605	1080.24	383	1608
contig_99_region	5080	5487605	1080.24	383	1608
contig_100	5061	5986426	1182.85	140	1770
contig_100_region	5061	5986426	1182.85	140	1770
contig_101	5042	5929813	1176.08	436	1936
contig_101_region	5042	5929813	1176.08	436	1936
contig_102	4949	5156151	1041.86	317	1796
contig_102_region	4949	5156151	1041.86	317	1796
contig_103	4901	2029363	414.07	26	687
contig_103_region	4901	2029363	414.07	26	687
contig_104	4838	5188684	1072.49	377	1714
contig_104_region	4838	5188684	1072.49	377	1714
contig_105	4781	6284378	1314.45	206	4520
contig_105_region	4781	6284378	1314.45	206	4520
contig_106	4781	5576760	1166.44	235	1676
contig_106_region	4781	5576760	1166.44	235	1676
contig_107	4773	5661642	1186.18	202	1717
contig_107_region	4773	5661642	1186.18	202	1717
contig_108	4765	5686595	1193.41	407	2423
contig_108_region	4765	5686595	1193.41	407	2423
contig_109	4751	5906134	1243.13	214	2020
contig_109_region	4751	5906134	1243.13	214	2020
contig_110	4629	4883053	1054.88	360	1510
contig_110_region	4629	4883053	1054.88	360	1510
contig_111	4604	5876537	1276.40	686	2137
contig_111_region	4604	5876537	1276.40	686	2137
contig_112	4595	5777940	1257.44	213	1967
contig_112_region	4595	5777940	1257.44	213	1967
contig_113	4571	39296770	8596.97	97	40108
contig_113_region	4571	39296770	8596.97	97	40108
contig_114	4564	5095832	1116.53	301	1795
contig_114_region	4564	5095832	1116.53	301	1795
contig_115	4519	9390028	2077.90	662	29492
contig_115_region	4519	9390028	2077.90	662	29492
contig_116	4440	4432495	998.31	263	1371
contig_116_region	4440	4432495	998.31	263	1371
contig_117	4436	3362281	757.95	185	1659
contig_117_region	4436	3362281	757.95	185	1659
contig_118	4430	5309502	1198.53	338	5460
contig_118_region	4430	5309502	1198.53	338	5460
contig_119	4428	1615116	364.75	38	663
contig_119_region	4428	1615116	364.75	38	663
contig_120	4405	5147096	1168.47	309	1590
contig_120_region	4405	5147096	1168.47	309	1590
contig_121	4398	4210408	957.35	157	2707
contig_121_region	4398	4210408	957.35	157	2707
contig_122	4382	4955371	1130.85	328	1628
contig_122_region	4382	4955371	1130.85	328	1628
contig_123	4351	5695559	1309.02	677	2287
contig_123_region	4351	5695559	1309.02	677	2287
contig_124	4323	5685167	1315.10	391	2114
contig_124_region	4323	5685167	1315.10	391	2114
contig_125	4312	4843176	1123.19	305	1950
contig_125_region	4312	4843176	1123.19	305	1950
contig_126	4208	4357377	1035.50	232	2714
contig_126_region	4208	4357377	1035.50	232	2714
contig_127	4186	1118244	267.14	40	798
contig_127_region	4186	1118244	267.14	40	798
contig_128	4180	4783204	1144.31	675	1988
contig_128_region	4180	4783204	1144.31	675	1988
contig_129	4170	4722980	1132.61	684	1669
contig_129_region	4170	4722980	1132.61	684	1669
contig_130	4166	3959613	950.46	108	1556
contig_130_region	4166	3959613	950.46	108	1556
contig_131	4149	1816090	437.72	95	1685
contig_131_region	4149	1816090	437.72	95	1685
contig_132	4129	4972163	1204.21	429	1680
contig_132_region	4129	4972163	1204.21	429	1680
contig_133	4103	3188213	777.04	276	2131
contig_133_region	4103	3188213	777.04	276	2131
contig_134	4098	5114593	1248.07	356	3086
contig_134_region	4098	5114593	1248.07	356	3086
contig_135	4086	5809201	1421.73	479	11985
contig_135_region	4086	5809201	1421.73	479	11985
contig_136	4080	4989900	1223.01	188	1897
contig_136_region	4080	4989900	1223.01	188	1897
contig_137	4058	3827974	943.32	275	1603
contig_137_region	4058	3827974	943.32	275	1603
contig_138	4056	4589559	1131.55	238	2559
contig_138_region	4056	4589559	1131.55	238	2559
contig_139	4033	4598711	1140.27	392	3502
contig_139_region	4033	4598711	1140.27	392	3502
contig_140	4031	2956485	733.44	204	2154
contig_140_region	4031	2956485	733.44	204	2154
contig_141	4020	5067115	1260.48	305	1751
contig_141_region	4020	5067115	1260.48	305	1751
contig_142	4004	4645882	1160.31	183	6009
contig_142_region	4004	4645882	1160.31	183	6009
contig_143	3915	4907349	1253.47	154	1916
contig_143_region	3915	4907349	1253.47	154	1916
contig_144	3903	3971224	1017.48	272	1679
contig_144_region	3903	3971224	1017.48	272	1679
contig_145	3898	4806841	1233.16	364	1781
contig_145_region	3898	4806841	1233.16	364	1781
contig_146	3896	4980684	1278.41	365	6606
contig_146_region	3896	4980684	1278.41	365	6606
contig_147	3879	4220086	1087.93	314	1873
contig_147_region	3879	4220086	1087.93	314	1873
contig_148	3819	2421364	634.03	150	1723
contig_148_region	3819	2421364	634.03	150	1723
contig_149	3816	2554569	669.44	213	1522
contig_149_region	3816	2554569	669.44	213	1522
contig_150	3810	2766252	726.05	255	1625
contig_150_region	3810	2766252	726.05	255	1625
contig_151	3807	3493517	917.66	253	1621
contig_151_region	3807	3493517	917.66	253	1621
contig_152	3803	2940303	773.15	220	2143
contig_152_region	3803	2940303	773.15	220	2143
contig_153	3783	1773353	468.77	55	774
contig_153_region	3783	1773353	468.77	55	774
contig_154	3774	3609716	956.47	425	1675
contig_154_region	3774	3609716	956.47	425	1675
contig_155	3752	4336741	1155.85	258	2317
contig_155_region	3752	4336741	1155.85	258	2317
contig_156	3690	3656831	991.01	190	2696
contig_156_region	3690	3656831	991.01	190	2696
contig_157	3678	4598233	1250.20	488	1703
contig_157_region	3678	4598233	1250.20	488	1703
contig_158	3662	4296422	1173.24	262	2249
contig_158_region	3662	4296422	1173.24	262	2249
contig_159	3645	7240236	1986.35	140	9674
contig_159_region	3645	7240236	1986.35	140	9674
contig_160	3624	2646229	730.20	132	1277
contig_160_region	3624	2646229	730.20	132	1277
contig_161	3594	4385583	1220.25	433	1831
contig_161_region	3594	4385583	1220.25	433	1831
contig_162	3585	2812667	784.57	245	2071
contig_162_region	3585	2812667	784.57	245	2071
contig_163	3572	116019	32.48	1	599
contig_163_region	3572	116019	32.48	1	599
contig_164	3569	3400296	952.73	80	1500
contig_164_region	3569	3400296	952.73	80	1500
contig_165	3567	4194860	1176.02	533	1748
contig_165_region	3567	4194860	1176.02	533	1748
contig_166	3544	3433500	968.82	161	1666
contig_166_region	3544	3433500	968.82	161	1666
contig_167	3518	4406088	1252.44	212	4725
contig_167_region	3518	4406088	1252.44	212	4725
contig_168	3488	3664612	1050.63	262	3136
contig_168_region	3488	3664612	1050.63	262	3136
contig_169	3477	4334717	1246.68	183	1766
contig_169_region	3477	4334717	1246.68	183	1766
contig_170	3470	19559639	5636.78	1703	7464
contig_170_region	3470	19559639	5636.78	1703	7464
contig_171	3451	4042252	1171.33	684	1768
contig_171_region	3451	4042252	1171.33	684	1768
contig_172	3447	2964971	860.16	244	1287
contig_172_region	3447	2964971	860.16	244	1287
contig_173	3445	3451243	1001.81	269	11511
contig_173_region	3445	3451243	1001.81	269	11511
contig_174	3445	3975949	1154.12	352	1737
contig_174_region	3445	3975949	1154.12	352	1737
contig_175	3436	3913386	1138.94	372	1605
contig_175_region	3436	3913386	1138.94	372	1605
contig_176	3430	2883002	840.53	213	1527
contig_176_region	3430	2883002	840.53	213	1527
contig_177	3417	2494172	729.93	156	1140
contig_177_region	3417	2494172	729.93	156	1140
contig_178	3413	5338367	1564.13	223	10574
contig_178_region	3413	5338367	1564.13	223	10574
contig_179	3413	119260	34.94	1	110
contig_179_region	3413	119260	34.94	1	110
contig_180	3409	1534094	450.01	48	716
contig_180_region	3409	1534094	450.01	48	716
contig_181	3408	4282753	1256.68	761	3572
contig_181_region	3408	4282753	1256.68	761	3572
contig_182	3395	3613182	1064.27	543	1555
contig_182_region	3395	3613182	1064.27	543	1555
contig_183	3381	3371752	997.26	509	7199
contig_183_region	3381	3371752	997.26	509	7199
contig_184	3376	3987411	1181.11	779	1776
contig_184_region	3376	3987411	1181.11	779	1776
contig_185	3372	1434429	425.39	87	2438
contig_185_region	3372	1434429	425.39	87	2438
contig_186	3361	3973893	1182.35	733	1716
contig_186_region	3361	3973893	1182.35	733	1716
contig_187	3354	3488358	1040.06	171	1730
contig_187_region	3354	3488358	1040.06	171	1730
contig_188	3346	1583567	473.27	99	797
contig_188_region	3346	1583567	473.27	99	797
contig_189	3287	1580441	480.82	123	936
contig_189_region	3287	1580441	480.82	123	936
contig_190	3271	4800110	1467.47	517	2506
contig_190_region	3271	4800110	1467.47	517	2506
contig_191	3205	3415806	1065.77	766	1425
contig_191_region	3205	3415806	1065.77	766	1425
contig_192	3202	3969244	1239.61	346	1754
contig_192_region	3202	3969244	1239.61	346	1754
contig_193	3197	3551770	1110.97	189	1473
contig_193_region	3197	3551770	1110.97	189	1473
contig_194	3196	4196016	1312.90	304	2820
contig_194_region	3196	4196016	1312.90	304	2820
contig_195	3166	3532628	1115.80	204	2135
contig_195_region	3166	3532628	1115.80	204	2135
contig_196	3134	3604201	1150.03	609	1878
contig_196_region	3134	3604201	1150.03	609	1878
contig_197	3103	2955380	952.43	487	1676
contig_197_region	3103	2955380	952.43	487	1676
contig_198	3092	1328964	429.81	35	752
contig_198_region	3092	1328964	429.81	35	752
contig_199	3087	3421185	1108.26	227	1745
contig_199_region	3087	3421185	1108.26	227	1745
contig_200	3061	3877869	1266.86	447	1927
contig_200_region	3061	3877869	1266.86	447	1927
contig_201	3039	3795365	1248.89	394	2017
contig_201_region	3039	3795365	1248.89	394	2017
contig_202	3038	4231303	1392.79	367	3744
contig_202_region	3038	4231303	1392.79	367	3744
contig_203	3031	3261995	1076.21	215	1593
contig_203_region	3031	3261995	1076.21	215	1593
contig_204	3025	4283129	1415.91	513	2059
contig_204_region	3025	4283129	1415.91	513	2059
contig_205	3017	3007285	996.78	188	1686
contig_205_region	3017	3007285	996.78	188	1686
contig_206	2994	3470503	1159.15	281	1503
contig_206_region	2994	3470503	1159.15	281	1503
contig_207	2983	3227793	1082.06	359	1582
contig_207_region	2983	3227793	1082.06	359	1582
contig_208	2954	3521119	1191.98	361	1826
contig_208_region	2954	3521119	1191.98	361	1826
contig_209	2949	3144782	1066.39	264	1550
contig_209_region	2949	3144782	1066.39	264	1550
contig_210	2947	3772497	1280.11	241	1730
contig_210_region	2947	3772497	1280.11	241	1730
contig_211	2924	3384617	1157.53	341	1958
contig_211_region	2924	3384617	1157.53	341	1958
contig_212	2921	2895628	991.31	252	1406
contig_212_region	2921	2895628	991.31	252	1406
contig_213	2907	3145372	1082.00	296	1497
contig_213_region	2907	3145372	1082.00	296	1497
contig_214	2903	3036861	1046.11	617	1854
contig_214_region	2903	3036861	1046.11	617	1854
contig_215	2900	3113439	1073.60	114	3152
contig_215_region	2900	3113439	1073.60	114	3152
contig_216	2898	3530415	1218.22	682	1639
contig_216_region	2898	3530415	1218.22	682	1639
contig_217	2891	2611626	903.36	263	1316
contig_217_region	2891	2611626	903.36	263	1316
contig_218	2887	2889847	1000.99	457	1686
contig_218_region	2887	2889847	1000.99	457	1686
contig_219	2887	2495663	864.45	325	1921
contig_219_region	2887	2495663	864.45	325	1921
contig_220	2881	2084476	723.53	151	1397
contig_220_region	2881	2084476	723.53	151	1397
contig_221	2867	1022344	356.59	29	551
contig_221_region	2867	1022344	356.59	29	551
contig_222	2856	3796376	1329.26	428	1837
contig_222_region	2856	3796376	1329.26	428	1837
contig_223	2845	2220271	780.41	31	1364
contig_223_region	2845	2220271	780.41	31	1364
contig_224	2843	2930693	1030.85	492	1807
contig_224_region	2843	2930693	1030.85	492	1807
contig_225	2838	2041330	719.28	207	1075
contig_225_region	2838	2041330	719.28	207	1075
contig_226	2834	2951231	1041.37	394	1513
contig_226_region	2834	2951231	1041.37	394	1513
contig_227	2818	3133852	1112.08	304	1478
contig_227_region	2818	3133852	1112.08	304	1478
contig_228	2801	3447039	1230.65	188	1823
contig_228_region	2801	3447039	1230.65	188	1823
contig_229	2787	3012786	1081.01	102	1645
contig_229_region	2787	3012786	1081.01	102	1645
contig_230	2772	3361165	1212.54	548	1907
contig_230_region	2772	3361165	1212.54	548	1907
contig_231	2768	1136300	410.51	40	597
contig_231_region	2768	1136300	410.51	40	597
contig_232	2766	3023427	1093.07	176	1941
contig_232_region	2766	3023427	1093.07	176	1941
contig_233	2747	3497204	1273.10	360	2044
contig_233_region	2747	3497204	1273.10	360	2044
contig_234	2746	3626949	1320.81	145	2031
contig_234_region	2746	3626949	1320.81	145	2031
contig_235	2741	2661003	970.81	348	1442
contig_235_region	2741	2661003	970.81	348	1442
contig_236	2718	2712912	998.13	646	1489
contig_236_region	2718	2712912	998.13	646	1489
contig_237	2717	2705384	995.72	633	1568
contig_237_region	2717	2705384	995.72	633	1568
contig_238	2711	1176643	434.03	108	902
contig_238_region	2711	1176643	434.03	108	902
contig_239	2710	1614802	595.87	165	1959
contig_239_region	2710	1614802	595.87	165	1959
contig_240	2700	3461621	1282.08	414	1876
contig_240_region	2700	3461621	1282.08	414	1876
contig_241	2695	1916359	711.08	238	1321
contig_241_region	2695	1916359	711.08	238	1321
contig_242	2694	3263996	1211.58	494	3113
contig_242_region	2694	3263996	1211.58	494	3113
contig_243	2676	1993915	745.11	37	1173
contig_243_region	2676	1993915	745.11	37	1173
contig_244	2659	6724050	2528.79	1041	6394
contig_244_region	2659	6724050	2528.79	1041	6394
contig_245	2658	2865467	1078.05	319	1378
contig_245_region	2658	2865467	1078.05	319	1378
contig_246	2655	3359637	1265.40	266	6117
contig_246_region	2655	3359637	1265.40	266	6117
contig_247	2649	2472819	933.49	407	1617
contig_247_region	2649	2472819	933.49	407	1617
contig_248	2649	2480654	936.45	172	1730
contig_248_region	2649	2480654	936.45	172	1730
contig_249	2645	2571198	972.10	312	1534
contig_249_region	2645	2571198	972.10	312	1534
contig_250	2639	2553806	967.72	423	1842
contig_250_region	2639	2553806	967.72	423	1842
contig_251	2637	2761292	1047.13	384	2017
contig_251_region	2637	2761292	1047.13	384	2017
contig_252	2619	3335791	1273.69	313	1944
contig_252_region	2619	3335791	1273.69	313	1944
contig_253	2615	3210330	1227.66	287	3550
contig_253_region	2615	3210330	1227.66	287	3550
contig_254	2607	3024312	1160.07	590	1773
contig_254_region	2607	3024312	1160.07	590	1773
contig_255	2606	2942711	1129.21	204	1492
contig_255_region	2606	2942711	1129.21	204	1492
contig_256	2601	2790583	1072.89	415	1712
contig_256_region	2601	2790583	1072.89	415	1712
contig_257	2596	3370381	1298.30	291	2129
contig_257_region	2596	3370381	1298.30	291	2129
contig_258	2592	3121813	1204.40	697	1743
contig_258_region	2592	3121813	1204.40	697	1743
contig_259	2592	3164404	1220.83	309	1740
contig_259_region	2592	3164404	1220.83	309	1740
contig_260	2589	2000157	772.56	167	1664
contig_260_region	2589	2000157	772.56	167	1664
contig_261	2582	2117110	819.95	65	1891
contig_261_region	2582	2117110	819.95	65	1891
contig_262	2581	2848859	1103.78	182	2487
contig_262_region	2581	2848859	1103.78	182	2487
contig_263	2573	3788674	1472.47	360	6492
contig_263_region	2573	3788674	1472.47	360	6492
contig_264	2519	66047	26.22	2	88
contig_264_region	2519	66047	26.22	2	88
contig_265	2490	1385399	556.39	134	1029
contig_265_region	2490	1385399	556.39	134	1029
contig_266	2484	2995209	1205.80	762	1650
contig_266_region	2484	2995209	1205.80	762	1650
contig_267	2454	2741133	1117.01	61	1545
contig_267_region	2454	2741133	1117.01	61	1545
contig_268	2452	1887177	769.65	227	2035
contig_268_region	2452	1887177	769.65	227	2035
contig_269	2449	2855865	1166.14	305	3199
contig_269_region	2449	2855865	1166.14	305	3199
contig_270	2449	2795049	1141.30	317	1524
contig_270_region	2449	2795049	1141.30	317	1524
contig_271	2432	2018508	829.98	126	1372
contig_271_region	2432	2018508	829.98	126	1372
contig_272	2431	2734650	1124.91	677	1660
contig_272_region	2431	2734650	1124.91	677	1660
contig_273	2429	1759963	724.56	136	1084
contig_273_region	2429	1759963	724.56	136	1084
contig_274	2423	3443511	1421.18	282	7155
contig_274_region	2423	3443511	1421.18	282	7155
contig_275	2402	2854568	1188.41	103	3592
contig_275_region	2402	2854568	1188.41	103	3592
contig_276	2400	3125695	1302.37	696	1719
contig_276_region	2400	3125695	1302.37	696	1719
contig_277	2393	2849109	1190.60	431	2250
contig_277_region	2393	2849109	1190.60	431	2250
contig_278	2388	3178612	1331.08	74	1986
contig_278_region	2388	3178612	1331.08	74	1986
contig_279	2387	3620694	1516.84	551	5366
contig_279_region	2387	3620694	1516.84	551	5366
contig_280	2379	2962448	1245.25	370	1985
contig_280_region	2379	2962448	1245.25	370	1985
contig_281	2377	2558665	1076.43	595	1944
contig_281_region	2377	2558665	1076.43	595	1944
contig_282	2375	2782512	1171.58	482	1807
contig_282_region	2375	2782512	1171.58	482	1807
contig_283	2370	28504	12.03	1	33
contig_283_region	2370	28504	12.03	1	33
contig_284	2363	2568197	1086.84	156	1625
contig_284_region	2363	2568197	1086.84	156	1625
contig_285	2361	1583035	670.49	85	1885
contig_285_region	2361	1583035	670.49	85	1885
contig_286	2361	1535177	650.22	61	1061
contig_286_region	2361	1535177	650.22	61	1061
contig_287	2358	2497224	1059.04	246	1417
contig_287_region	2358	2497224	1059.04	246	1417
contig_288	2355	2635922	1119.29	185	1604
contig_288_region	2355	2635922	1119.29	185	1604
contig_289	2345	3155488	1345.62	326	2034
contig_289_region	2345	3155488	1345.62	326	2034
contig_290	2334	2582633	1106.53	288	1715
contig_290_region	2334	2582633	1106.53	288	1715
contig_291	2334	2461595	1054.67	68	1964
contig_291_region	2334	2461595	1054.67	68	1964
contig_292	2322	2780659	1197.53	60	6648
contig_292_region	2322	2780659	1197.53	60	6648
contig_293	2311	4140300	1791.56	491	10424
contig_293_region	2311	4140300	1791.56	491	10424
contig_294	2310	2618070	1133.36	233	4359
contig_294_region	2310	2618070	1133.36	233	4359
contig_295	2286	2571778	1125.01	218	1658
contig_295_region	2286	2571778	1125.01	218	1658
contig_296	2284	1384004	605.96	155	1657
contig_296_region	2284	1384004	605.96	155	1657
contig_297	2279	2478038	1087.34	331	1537
contig_297_region	2279	2478038	1087.34	331	1537
contig_298	2256	2043904	905.99	167	1447
contig_298_region	2256	2043904	905.99	167	1447
contig_299	2251	1304426	579.49	92	1455
contig_299_region	2251	1304426	579.49	92	1455
contig_300	2238	2406258	1075.18	278	1536
contig_300_region	2238	2406258	1075.18	278	1536
contig_301	2236	1147180	513.05	199	1248
contig_301_region	2236	1147180	513.05	199	1248
contig_302	2234	2789981	1248.87	788	1801
contig_302_region	2234	2789981	1248.87	788	1801
contig_303	2233	2304046	1031.82	219	1400
contig_303_region	2233	2304046	1031.82	219	1400
contig_304	2228	2751413	1234.93	469	1844
contig_304_region	2228	2751413	1234.93	469	1844
contig_305	2228	2995951	1344.68	1057	1734
contig_305_region	2228	2995951	1344.68	1057	1734
contig_306	2227	1286281	577.58	82	865
contig_306_region	2227	1286281	577.58	82	865
contig_307	2219	2831797	1276.16	660	4537
contig_307_region	2219	2831797	1276.16	660	4537
contig_308	2219	3532326	1591.85	944	2294
contig_308_region	2219	3532326	1591.85	944	2294
contig_309	2215	1814622	819.24	356	1279
contig_309_region	2215	1814622	819.24	356	1279
contig_310	2213	1820220	822.51	375	2565
contig_310_region	2213	1820220	822.51	375	2565
contig_311	2212	2309218	1043.95	230	1582
contig_311_region	2212	2309218	1043.95	230	1582
contig_312	2194	1146345	522.49	285	1346
contig_312_region	2194	1146345	522.49	285	1346
contig_313	2187	1797383	821.85	230	1518
contig_313_region	2187	1797383	821.85	230	1518
contig_314	2186	2889004	1321.59	342	1848
contig_314_region	2186	2889004	1321.59	342	1848
contig_315	2182	2365724	1084.20	192	1583
contig_315_region	2182	2365724	1084.20	192	1583
contig_316	2181	2872074	1316.86	383	1914
contig_316_region	2181	2872074	1316.86	383	1914
contig_317	2176	2703894	1242.60	174	1643
contig_317_region	2176	2703894	1242.60	174	1643
contig_318	2170	2635853	1214.68	220	1643
contig_318_region	2170	2635853	1214.68	220	1643
contig_319	2156	2185164	1013.53	520	1465
contig_319_region	2156	2185164	1013.53	520	1465
contig_320	2144	2379589	1109.88	258	1464
contig_320_region	2144	2379589	1109.88	258	1464
contig_321	2142	2635826	1230.54	446	1847
contig_321_region	2142	2635826	1230.54	446	1847
contig_322	2127	2403489	1129.99	248	1733
contig_322_region	2127	2403489	1129.99	248	1733
contig_323	2125	1770228	833.05	2	8039
contig_323_region	2125	1770228	833.05	2	8039
contig_324	2105	2917284	1385.88	182	1912
contig_324_region	2105	2917284	1385.88	182	1912
contig_325	2087	2163981	1036.89	389	1515
contig_325_region	2087	2163981	1036.89	389	1515
contig_326	2061	1555918	754.93	64	1060
contig_326_region	2061	1555918	754.93	64	1060
contig_327	2057	2352889	1143.84	278	1629
contig_327_region	2057	2352889	1143.84	278	1629
contig_328	2057	2774111	1348.62	818	1744
contig_328_region	2057	2774111	1348.62	818	1744
contig_329	2053	2546837	1240.54	434	1806
contig_329_region	2053	2546837	1240.54	434	1806
contig_330	2052	1234922	601.81	261	884
contig_330_region	2052	1234922	601.81	261	884
contig_331	2052	908569	442.77	142	635
contig_331_region	2052	908569	442.77	142	635
contig_332	2049	2518878	1229.32	299	2063
contig_332_region	2049	2518878	1229.32	299	2063
contig_333	2049	2072628	1011.53	186	1340
contig_333_region	2049	2072628	1011.53	186	1340
contig_334	2049	1009273	492.57	218	2632
contig_334_region	2049	1009273	492.57	218	2632
contig_335	2039	819264	401.80	12	693
contig_335_region	2039	819264	401.80	12	693
contig_336	2036	4604678	2261.63	106	3690
contig_336_region	2036	4604678	2261.63	106	3690
contig_337	2034	2231304	1097.00	355	1992
contig_337_region	2034	2231304	1097.00	355	1992
contig_338	2023	2418785	1195.64	316	2541
contig_338_region	2023	2418785	1195.64	316	2541
contig_339	2019	1003056	496.81	76	1588
contig_339_region	2019	1003056	496.81	76	1588
contig_340	2012	2558321	1271.53	774	2423
contig_340_region	2012	2558321	1271.53	774	2423
contig_341	2011	2284878	1136.19	285	1540
contig_341_region	2011	2284878	1136.19	285	1540
contig_342	2002	1054568	526.76	2	1403
contig_342_region	2002	1054568	526.76	2	1403
contig_343	2002	24937	12.46	1	33
contig_343_region	2002	24937	12.46	1	33
contig_344	1992	1833882	920.62	660	1295
contig_344_region	1992	1833882	920.62	660	1295
contig_345	1992	1586253	796.31	16	1497
contig_345_region	1992	1586253	796.31	16	1497
contig_346	1989	3904406	1963.00	394	8487
contig_346_region	1989	3904406	1963.00	394	8487
contig_347	1985	2405837	1212.01	248	1862
contig_347_region	1985	2405837	1212.01	248	1862
contig_348	1978	2471622	1249.56	209	1582
contig_348_region	1978	2471622	1249.56	209	1582
contig_349	1976	2131140	1078.51	577	1493
contig_349_region	1976	2131140	1078.51	577	1493
contig_350	1976	2370407	1199.60	653	1888
contig_350_region	1976	2370407	1199.60	653	1888
contig_351	1971	1129557	573.09	68	2623
contig_351_region	1971	1129557	573.09	68	2623
contig_352	1960	2357653	1202.88	162	1809
contig_352_region	1960	2357653	1202.88	162	1809
contig_353	1959	2410654	1230.55	256	2766
contig_353_region	1959	2410654	1230.55	256	2766
contig_354	1958	4534999	2316.14	459	3191
contig_354_region	1958	4534999	2316.14	459	3191
contig_355	1953	36582	18.73	1	41
contig_355_region	1953	36582	18.73	1	41
contig_356	1950	2132791	1093.74	283	1494
contig_356_region	1950	2132791	1093.74	283	1494
contig_357	1941	31007	15.97	1	53
contig_357_region	1941	31007	15.97	1	53
contig_358	1936	1912282	987.75	623	1349
contig_358_region	1936	1912282	987.75	623	1349
contig_359	1936	1628653	841.25	281	1354
contig_359_region	1936	1628653	841.25	281	1354
contig_360	1934	2266288	1171.81	312	1650
contig_360_region	1934	2266288	1171.81	312	1650
contig_361	1933	25153	13.01	1	36
contig_361_region	1933	25153	13.01	1	36
contig_362	1929	2048835	1062.12	419	2829
contig_362_region	1929	2048835	1062.12	419	2829
contig_363	1923	2372339	1233.67	320	1675
contig_363_region	1923	2372339	1233.67	320	1675
contig_364	1918	830050	432.77	68	704
contig_364_region	1918	830050	432.77	68	704
contig_365	1898	1802830	949.86	383	2306
contig_365_region	1898	1802830	949.86	383	2306
contig_366	1896	1886021	994.74	202	1425
contig_366_region	1896	1886021	994.74	202	1425
contig_367	1896	975914	514.72	204	1076
contig_367_region	1896	975914	514.72	204	1076
contig_368	1880	2211813	1176.50	360	1672
contig_368_region	1880	2211813	1176.50	360	1672
contig_369	1879	2173426	1156.69	299	1760
contig_369_region	1879	2173426	1156.69	299	1760
contig_370	1870	850781	454.96	72	724
contig_370_region	1870	850781	454.96	72	724
contig_371	1868	2471252	1322.94	403	2016
contig_371_region	1868	2471252	1322.94	403	2016
contig_372	1864	1774178	951.81	293	2193
contig_372_region	1864	1774178	951.81	293	2193
contig_373	1864	1705474	914.95	424	1392
contig_373_region	1864	1705474	914.95	424	1392
contig_374	1862	1992574	1070.13	660	1517
contig_374_region	1862	1992574	1070.13	660	1517
contig_375	1848	2140880	1158.48	290	1692
contig_375_region	1848	2140880	1158.48	290	1692
contig_376	1845	2590881	1404.27	655	2167
contig_376_region	1845	2590881	1404.27	655	2167
contig_377	1844	3018546	1636.96	169	6061
contig_377_region	1844	3018546	1636.96	169	6061
contig_378	1832	1740451	950.03	218	1502
contig_378_region	1832	1740451	950.03	218	1502
contig_379	1831	711592	388.64	42	707
contig_379_region	1831	711592	388.64	42	707
contig_380	1828	2333162	1276.35	655	2576
contig_380_region	1828	2333162	1276.35	655	2576
contig_381	1823	499227	273.85	99	367
contig_381_region	1823	499227	273.85	99	367
contig_382	1822	1417863	778.19	61	1064
contig_382_region	1822	1417863	778.19	61	1064
contig_383	1819	2339982	1286.41	891	1755
contig_383_region	1819	2339982	1286.41	891	1755
contig_384	1815	2187040	1204.98	202	1741
contig_384_region	1815	2187040	1204.98	202	1741
contig_385	1813	2154813	1188.53	251	1808
contig_385_region	1813	2154813	1188.53	251	1808
contig_386	1808	2076035	1148.25	220	2311
contig_386_region	1808	2076035	1148.25	220	2311
contig_387	1806	2433308	1347.35	328	1784
contig_387_region	1806	2433308	1347.35	328	1784
contig_388	1801	2134954	1185.43	329	1545
contig_388_region	1801	2134954	1185.43	329	1545
contig_389	1798	1719116	956.13	360	1390
contig_389_region	1798	1719116	956.13	360	1390
contig_390	1794	31383	17.49	1	101
contig_390_region	1794	31383	17.49	1	101
contig_391	1790	2201975	1230.15	276	1656
contig_391_region	1790	2201975	1230.15	276	1656
contig_392	1783	1483700	832.14	141	1199
contig_392_region	1783	1483700	832.14	141	1199
contig_393	1778	1937415	1089.66	340	1630
contig_393_region	1778	1937415	1089.66	340	1630
contig_394	1778	1457081	819.51	178	1259
contig_394_region	1778	1457081	819.51	178	1259
contig_395	1777	1946112	1095.17	597	2061
contig_395_region	1777	1946112	1095.17	597	2061
contig_396	1772	2086129	1177.27	551	1583
contig_396_region	1772	2086129	1177.27	551	1583
contig_397	1770	2173379	1227.90	965	1686
contig_397_region	1770	2173379	1227.90	965	1686
contig_398	1763	9883666	5606.16	311	16783
contig_398_region	1763	9883666	5606.16	311	16783
contig_399	1762	2118246	1202.18	573	2000
contig_399_region	1762	2118246	1202.18	573	2000
contig_400	1756	1356575	772.54	174	972
contig_400_region	1756	1356575	772.54	174	972
contig_401	1756	942068	536.49	174	781
contig_401_region	1756	942068	536.49	174	781
contig_402	1755	2343371	1335.25	227	1897
contig_402_region	1755	2343371	1335.25	227	1897
contig_403	1748	2119750	1212.67	409	1559
contig_403_region	1748	2119750	1212.67	409	1559
contig_404	1742	1757564	1008.93	378	1760
contig_404_region	1742	1757564	1008.93	378	1760
contig_405	1739	2095364	1204.92	905	1589
contig_405_region	1739	2095364	1204.92	905	1589
contig_406	1739	1371661	788.76	182	1099
contig_406_region	1739	1371661	788.76	182	1099
contig_407	1739	724171	416.43	124	703
contig_407_region	1739	724171	416.43	124	703
contig_408	1738	2181281	1255.05	355	1724
contig_408_region	1738	2181281	1255.05	355	1724
contig_409	1734	2496813	1439.92	656	1970
contig_409_region	1734	2496813	1439.92	656	1970
contig_410	1717	3333854	1941.67	478	3467
contig_410_region	1717	3333854	1941.67	478	3467
contig_411	1717	1960235	1141.66	359	1522
contig_411_region	1717	1960235	1141.66	359	1522
contig_412	1713	2110533	1232.07	311	1490
contig_412_region	1713	2110533	1232.07	311	1490
contig_413	1703	2030916	1192.55	749	1772
contig_413_region	1703	2030916	1192.55	749	1772
contig_414	1701	1853102	1089.42	272	1425
contig_414_region	1701	1853102	1089.42	272	1425
contig_415	1700	1802463	1060.27	206	1839
contig_415_region	1700	1802463	1060.27	206	1839
contig_416	1696	1522843	897.90	250	2290
contig_416_region	1696	1522843	897.90	250	2290
contig_417	1695	1635250	964.75	210	1602
contig_417_region	1695	1635250	964.75	210	1602
contig_418	1692	1952649	1154.05	233	1670
contig_418_region	1692	1952649	1154.05	233	1670
contig_419	1691	2011069	1189.28	243	2144
contig_419_region	1691	2011069	1189.28	243	2144
contig_420	1688	2102029	1245.28	242	1738
contig_420_region	1688	2102029	1245.28	242	1738
contig_421	1685	61070	36.24	1	125
contig_421_region	1685	61070	36.24	1	125
contig_422	1684	1932248	1147.42	717	1763
contig_422_region	1684	1932248	1147.42	717	1763
contig_423	1682	1868629	1110.96	204	1420
contig_423_region	1682	1868629	1110.96	204	1420
contig_424	1681	1596028	949.45	239	1653
contig_424_region	1681	1596028	949.45	239	1653
contig_425	1673	1806670	1079.90	273	1520
contig_425_region	1673	1806670	1079.90	273	1520
contig_426	1669	1969108	1179.81	244	1517
contig_426_region	1669	1969108	1179.81	244	1517
contig_427	1669	1402359	840.24	153	3805
contig_427_region	1669	1402359	840.24	153	3805
contig_428	1663	2048531	1231.83	200	1800
contig_428_region	1663	2048531	1231.83	200	1800
contig_429	1662	1840869	1107.62	279	1583
contig_429_region	1662	1840869	1107.62	279	1583
contig_430	1661	1482452	892.51	270	1234
contig_430_region	1661	1482452	892.51	270	1234
contig_431	1658	753846	454.67	36	707
contig_431_region	1658	753846	454.67	36	707
contig_432	1657	1416440	854.82	43	1230
contig_432_region	1657	1416440	854.82	43	1230
contig_433	1655	606176	366.27	87	541
contig_433_region	1655	606176	366.27	87	541
contig_434	1654	2090195	1263.72	408	1779
contig_434_region	1654	2090195	1263.72	408	1779
contig_435	1653	2148617	1299.83	482	2347
contig_435_region	1653	2148617	1299.83	482	2347
contig_436	1651	1822771	1104.04	644	1451
contig_436_region	1651	1822771	1104.04	644	1451
contig_437	1650	2186310	1325.04	919	1845
contig_437_region	1650	2186310	1325.04	919	1845
contig_438	1645	2414131	1467.56	343	2239
contig_438_region	1645	2414131	1467.56	343	2239
contig_439	1633	1101565	674.57	60	991
contig_439_region	1633	1101565	674.57	60	991
contig_440	1632	1968251	1206.04	214	1548
contig_440_region	1632	1968251	1206.04	214	1548
contig_441	1629	1975493	1212.70	748	1571
contig_441_region	1629	1975493	1212.70	748	1571
contig_442	1622	1549807	955.49	183	1360
contig_442_region	1622	1549807	955.49	183	1360
contig_443	1622	1688533	1041.02	174	1610
contig_443_region	1622	1688533	1041.02	174	1610
contig_444	1621	1808682	1115.78	158	1641
contig_444_region	1621	1808682	1115.78	158	1641
contig_445	1609	1783919	1108.71	712	1535
contig_445_region	1609	1783919	1108.71	712	1535
contig_446	1606	1810739	1127.48	327	1740
contig_446_region	1606	1810739	1127.48	327	1740
contig_447	1605	1827555	1138.66	766	1580
contig_447_region	1605	1827555	1138.66	766	1580
contig_448	1602	2323394	1450.31	57	6213
contig_448_region	1602	2323394	1450.31	57	6213
contig_449	1592	536321	336.89	41	604
contig_449_region	1592	536321	336.89	41	604
contig_450	1590	1664046	1046.57	276	1488
contig_450_region	1590	1664046	1046.57	276	1488
contig_451	1585	1716509	1082.97	230	1524
contig_451_region	1585	1716509	1082.97	230	1524
contig_452	1569	1551879	989.09	615	1516
contig_452_region	1569	1551879	989.09	615	1516
contig_453	1565	1551665	991.48	179	1871
contig_453_region	1565	1551665	991.48	179	1871
contig_454	1564	1861364	1190.13	792	1815
contig_454_region	1564	1861364	1190.13	792	1815
contig_455	1559	1673465	1073.42	678	1688
contig_455_region	1559	1673465	1073.42	678	1688
contig_456	1557	1156122	742.53	109	953
contig_456_region	1557	1156122	742.53	109	953
contig_457	1555	642649	413.28	72	631
contig_457_region	1555	642649	413.28	72	631
contig_458	1554	1074896	691.70	46	1003
contig_458_region	1554	1074896	691.70	46	1003
contig_459	1553	2050470	1320.33	909	1640
contig_459_region	1553	2050470	1320.33	909	1640
contig_460	1543	2189396	1418.92	285	1830
contig_460_region	1543	2189396	1418.92	285	1830
contig_461	1541	21048	13.66	1	34
contig_461_region	1541	21048	13.66	1	34
contig_462	1537	1581255	1028.79	272	1406
contig_462_region	1537	1581255	1028.79	272	1406
contig_463	1533	2297047	1498.40	62	3358
contig_463_region	1533	2297047	1498.40	62	3358
contig_464	1529	1819851	1190.22	233	1717
contig_464_region	1529	1819851	1190.22	233	1717
contig_465	1527	1859329	1217.64	193	1604
contig_465_region	1527	1859329	1217.64	193	1604
contig_466	1527	1466966	960.69	127	1404
contig_466_region	1527	1466966	960.69	127	1404
contig_467	1526	1777552	1164.84	147	1557
contig_467_region	1526	1777552	1164.84	147	1557
contig_468	1525	1757733	1152.61	454	1920
contig_468_region	1525	1757733	1152.61	454	1920
contig_469	1525	2032257	1332.63	262	2253
contig_469_region	1525	2032257	1332.63	262	2253
contig_470	1521	745480	490.12	32	682
contig_470_region	1521	745480	490.12	32	682
contig_471	1517	1716750	1131.67	529	1419
contig_471_region	1517	1716750	1131.67	529	1419
contig_472	1508	1646646	1091.94	318	1445
contig_472_region	1508	1646646	1091.94	318	1445
contig_473	1504	2857924	1900.22	829	3425
contig_473_region	1504	2857924	1900.22	829	3425
contig_474	1502	1397689	930.55	180	1307
contig_474_region	1502	1397689	930.55	180	1307
contig_475	1499	1519210	1013.48	365	1694
contig_475_region	1499	1519210	1013.48	365	1694
contig_476	1498	72851	48.63	1	392
contig_476_region	1498	72851	48.63	1	392
contig_477	1496	1567328	1047.68	230	1537
contig_477_region	1496	1567328	1047.68	230	1537
contig_478	1494	1681191	1125.30	184	1562
contig_478_region	1494	1681191	1125.30	184	1562
contig_479	1492	18382	12.32	1	34
contig_479_region	1492	18382	12.32	1	34
contig_480	1489	1228099	824.78	177	1682
contig_480_region	1489	1228099	824.78	177	1682
contig_481	1487	1481602	996.37	344	1523
contig_481_region	1487	1481602	996.37	344	1523
contig_482	1484	2046610	1379.12	985	1769
contig_482_region	1484	2046610	1379.12	985	1769
contig_483	1484	1639921	1105.07	315	1527
contig_483_region	1484	1639921	1105.07	315	1527
contig_484	1484	2021148	1361.96	650	2893
contig_484_region	1484	2021148	1361.96	650	2893
contig_485	1482	1649243	1112.85	601	1717
contig_485_region	1482	1649243	1112.85	601	1717
contig_486	1480	1391977	940.52	201	1440
contig_486_region	1480	1391977	940.52	201	1440
contig_487	1471	2890549	1965.02	734	6655
contig_487_region	1471	2890549	1965.02	734	6655
contig_488	1469	558994	380.53	32	530
contig_488_region	1469	558994	380.53	32	530
contig_489	1467	1692693	1153.85	147	4392
contig_489_region	1467	1692693	1153.85	147	4392
contig_490	1466	1831421	1249.26	270	1959
contig_490_region	1466	1831421	1249.26	270	1959
contig_491	1460	1802378	1234.51	861	1500
contig_491_region	1460	1802378	1234.51	861	1500
contig_492	1459	1754485	1202.53	175	1701
contig_492_region	1459	1754485	1202.53	175	1701
contig_493	1454	1741935	1198.03	332	1531
contig_493_region	1454	1741935	1198.03	332	1531
contig_494	1453	2301211	1583.77	232	6777
contig_494_region	1453	2301211	1583.77	232	6777
contig_495	1452	35635	24.54	1	72
contig_495_region	1452	35635	24.54	1	72
contig_496	1452	119397	82.23	1	1366
contig_496_region	1452	119397	82.23	1	1366
contig_497	1451	810674	558.70	39	891
contig_497_region	1451	810674	558.70	39	891
contig_498	1447	1865270	1289.06	279	1826
contig_498_region	1447	1865270	1289.06	279	1826
contig_499	1443	1406168	974.48	204	1336
contig_499_region	1443	1406168	974.48	204	1336
contig_500	1442	1690418	1172.27	795	1549
contig_500_region	1442	1690418	1172.27	795	1549
contig_501	1440	1188361	825.25	334	1242
contig_501_region	1440	1188361	825.25	334	1242
contig_502	1439	2085702	1449.41	175	8979
contig_502_region	1439	2085702	1449.41	175	8979
contig_503	1437	22264	15.49	1	30
contig_503_region	1437	22264	15.49	1	30
contig_504	1435	1723208	1200.84	223	1639
contig_504_region	1435	1723208	1200.84	223	1639
contig_505	1435	1418676	988.62	402	1726
contig_505_region	1435	1418676	988.62	402	1726
contig_506	1426	1526904	1070.76	342	1656
contig_506_region	1426	1526904	1070.76	342	1656
contig_507	1423	1652870	1161.54	294	1792
contig_507_region	1423	1652870	1161.54	294	1792
contig_508	1422	1291985	908.57	285	1437
contig_508_region	1422	1291985	908.57	285	1437
contig_509	1421	984619	692.91	79	1259
contig_509_region	1421	984619	692.91	79	1259
contig_510	1418	1582480	1115.99	232	1425
contig_510_region	1418	1582480	1115.99	232	1425
contig_511	1408	1585606	1126.14	212	2087
contig_511_region	1408	1585606	1126.14	212	2087
contig_512	1408	1132039	804.00	301	1229
contig_512_region	1408	1132039	804.00	301	1229
contig_513	1405	1384745	985.58	377	1217
contig_513_region	1405	1384745	985.58	377	1217
contig_514	1403	1208287	861.22	302	1322
contig_514_region	1403	1208287	861.22	302	1322
contig_515	1395	1849875	1326.08	212	2587
contig_515_region	1395	1849875	1326.08	212	2587
contig_516	1394	1684014	1208.04	746	1735
contig_516_region	1394	1684014	1208.04	746	1735
contig_517	1391	2018935	1451.43	650	1815
contig_517_region	1391	2018935	1451.43	650	1815
contig_518	1385	1408064	1016.65	297	1603
contig_518_region	1385	1408064	1016.65	297	1603
contig_519	1379	1270116	921.04	227	1617
contig_519_region	1379	1270116	921.04	227	1617
contig_520	1372	1710100	1246.43	917	1810
contig_520_region	1372	1710100	1246.43	917	1810
contig_521	1371	1712964	1249.43	294	1743
contig_521_region	1371	1712964	1249.43	294	1743
contig_522	1368	548882	401.23	20	820
contig_522_region	1368	548882	401.23	20	820
contig_523	1367	1799981	1316.74	351	1781
contig_523_region	1367	1799981	1316.74	351	1781
contig_524	1365	1604463	1175.43	480	1666
contig_524_region	1365	1604463	1175.43	480	1666
contig_525	1365	701679	514.05	144	1151
contig_525_region	1365	701679	514.05	144	1151
contig_526	1364	1179774	864.94	263	1500
contig_526_region	1364	1179774	864.94	263	1500
contig_527	1364	21911	16.06	4	42
contig_527_region	1364	21911	16.06	4	42
contig_528	1363	1166439	855.79	221	1136
contig_528_region	1363	1166439	855.79	221	1136
contig_529	1361	1505069	1105.86	273	1968
contig_529_region	1361	1505069	1105.86	273	1968
contig_530	1359	1425744	1049.11	497	1472
contig_530_region	1359	1425744	1049.11	497	1472
contig_531	1347	1629895	1210.02	782	1502
contig_531_region	1347	1629895	1210.02	782	1502
contig_532	1346	1890349	1404.42	879	1923
contig_532_region	1346	1890349	1404.42	879	1923
contig_533	1344	1907031	1418.92	958	1842
contig_533_region	1344	1907031	1418.92	958	1842
contig_534	1340	1415660	1056.46	379	1316
contig_534_region	1340	1415660	1056.46	379	1316
contig_535	1337	1246889	932.60	214	1402
contig_535_region	1337	1246889	932.60	214	1402
contig_536	1336	1079867	808.28	192	1406
contig_536_region	1336	1079867	808.28	192	1406
contig_537	1331	1744585	1310.73	298	1693
contig_537_region	1331	1744585	1310.73	298	1693
contig_538	1330	1433534	1077.85	197	1784
contig_538_region	1330	1433534	1077.85	197	1784
contig_539	1325	1750892	1321.43	221	2249
contig_539_region	1325	1750892	1321.43	221	2249
contig_540	1321	1054284	798.10	557	1057
contig_540_region	1321	1054284	798.10	557	1057
contig_541	1317	1116700	847.91	187	1356
contig_541_region	1317	1116700	847.91	187	1356
contig_542	1313	3056167	2327.62	1033	2912
contig_542_region	1313	3056167	2327.62	1033	2912
contig_543	1312	502680	383.14	105	626
contig_543_region	1312	502680	383.14	105	626
contig_544	1311	1653394	1261.17	804	3780
contig_544_region	1311	1653394	1261.17	804	3780
contig_545	1310	1050979	802.27	116	1200
contig_545_region	1310	1050979	802.27	116	1200
contig_546	1309	1467164	1120.83	483	1478
contig_546_region	1309	1467164	1120.83	483	1478
contig_547	1304	1917186	1470.23	990	1880
contig_547_region	1304	1917186	1470.23	990	1880
contig_548	1304	1733049	1329.03	421	1708
contig_548_region	1304	1733049	1329.03	421	1708
contig_549	1304	33806	25.92	5	49
contig_549_region	1304	33806	25.92	5	49
contig_550	1297	1371429	1057.39	177	1745
contig_550_region	1297	1371429	1057.39	177	1745
contig_551	1296	1200230	926.10	234	1415
contig_551_region	1296	1200230	926.10	234	1415
contig_552	1291	233833	181.13	2	1227
contig_552_region	1291	233833	181.13	2	1227
contig_553	1290	1168852	906.09	258	1268
contig_553_region	1290	1168852	906.09	258	1268
contig_554	1283	1332668	1038.71	492	1247
contig_554_region	1283	1332668	1038.71	492	1247
contig_555	1278	1550801	1213.46	778	1619
contig_555_region	1278	1550801	1213.46	778	1619
contig_556	1276	1597578	1252.02	292	1964
contig_556_region	1276	1597578	1252.02	292	1964
contig_557	1269	1313679	1035.21	304	1419
contig_557_region	1269	1313679	1035.21	304	1419
contig_558	1266	1513706	1195.66	359	1559
contig_558_region	1266	1513706	1195.66	359	1559
contig_559	1264	1431310	1132.37	304	1500
contig_559_region	1264	1431310	1132.37	304	1500
contig_560	1263	1418465	1123.09	655	1619
contig_560_region	1263	1418465	1123.09	655	1619
contig_561	1260	1626685	1291.02	858	1796
contig_561_region	1260	1626685	1291.02	858	1796
contig_562	1250	481729	385.38	33	553
contig_562_region	1250	481729	385.38	33	553
contig_563	1247	1482623	1188.95	300	1840
contig_563_region	1247	1482623	1188.95	300	1840
contig_564	1245	1264679	1015.81	204	1280
contig_564_region	1245	1264679	1015.81	204	1280
contig_565	1243	1306543	1051.12	249	1489
contig_565_region	1243	1306543	1051.12	249	1489
contig_566	1241	1238425	997.93	243	1369
contig_566_region	1241	1238425	997.93	243	1369
contig_567	1241	37866	30.51	1	68
contig_567_region	1241	37866	30.51	1	68
contig_568	1237	1683839	1361.23	302	1878
contig_568_region	1237	1683839	1361.23	302	1878
contig_569	1236	1179580	954.35	132	1554
contig_569_region	1236	1179580	954.35	132	1554
contig_570	1234	1961231	1589.33	989	2160
contig_570_region	1234	1961231	1589.33	989	2160
contig_571	1224	604694	494.03	13	1345
contig_571_region	1224	604694	494.03	13	1345
contig_572	1223	28875	23.61	6	55
contig_572_region	1223	28875	23.61	6	55
contig_573	1220	1532920	1256.49	1003	1619
contig_573_region	1220	1532920	1256.49	1003	1619
contig_574	1219	1183013	970.48	170	1289
contig_574_region	1219	1183013	970.48	170	1289
contig_575	1216	30412	25.01	2	73
contig_575_region	1216	30412	25.01	2	73
contig_576	1215	1229965	1012.32	388	1327
contig_576_region	1215	1229965	1012.32	388	1327
contig_577	1210	1284006	1061.16	425	1425
contig_577_region	1210	1284006	1061.16	425	1425
contig_578	1209	19454	16.09	3	45
contig_578_region	1209	19454	16.09	3	45
contig_579	1209	11546	9.55	0	23
contig_579_region	1209	11546	9.55	0	23
contig_580	1205	1628612	1351.55	1068	1652
contig_580_region	1205	1628612	1351.55	1068	1652
contig_581	1205	1551122	1287.24	617	1694
contig_581_region	1205	1551122	1287.24	617	1694
contig_582	1204	1498226	1244.37	433	1474
contig_582_region	1204	1498226	1244.37	433	1474
contig_583	1204	1234551	1025.37	691	1731
contig_583_region	1204	1234551	1025.37	691	1731
contig_584	1198	1613761	1347.05	285	2254
contig_584_region	1198	1613761	1347.05	285	2254
contig_585	1196	1214541	1015.50	779	1485
contig_585_region	1196	1214541	1015.50	779	1485
contig_586	1196	27873	23.31	1	58
contig_586_region	1196	27873	23.31	1	58
contig_587	1194	1340137	1122.39	309	1422
contig_587_region	1194	1340137	1122.39	309	1422
contig_588	1192	1139383	955.86	386	1815
contig_588_region	1192	1139383	955.86	386	1815
contig_589	1190	1543876	1297.37	832	1784
contig_589_region	1190	1543876	1297.37	832	1784
contig_590	1190	968985	814.27	520	1158
contig_590_region	1190	968985	814.27	520	1158
contig_591	1190	998764	839.30	150	4206
contig_591_region	1190	998764	839.30	150	4206
contig_592	1187	1655980	1395.10	234	1787
contig_592_region	1187	1655980	1395.10	234	1787
contig_593	1185	1453915	1226.93	281	1656
contig_593_region	1185	1453915	1226.93	281	1656
contig_594	1185	128512	108.45	2	1158
contig_594_region	1185	128512	108.45	2	1158
contig_595	1182	484070	409.53	81	557
contig_595_region	1182	484070	409.53	81	557
contig_596	1176	2987997	2540.81	1001	3533
contig_596_region	1176	2987997	2540.81	1001	3533
contig_597	1176	1482372	1260.52	891	1603
contig_597_region	1176	1482372	1260.52	891	1603
contig_598	1173	46661	39.78	2	139
contig_598_region	1173	46661	39.78	2	139
contig_599	1171	1481190	1264.89	714	1706
contig_599_region	1171	1481190	1264.89	714	1706
contig_600	1171	1393766	1190.24	202	1620
contig_600_region	1171	1393766	1190.24	202	1620
contig_601	1168	607784	520.36	41	803
contig_601_region	1168	607784	520.36	41	803
contig_602	1167	1107825	949.29	356	1341
contig_602_region	1167	1107825	949.29	356	1341
contig_603	1166	1446341	1240.43	406	1535
contig_603_region	1166	1446341	1240.43	406	1535
contig_604	1164	1491254	1281.15	284	1975
contig_604_region	1164	1491254	1281.15	284	1975
contig_605	1163	1269044	1091.18	250	1459
contig_605_region	1163	1269044	1091.18	250	1459
contig_606	1161	1331369	1146.74	545	3005
contig_606_region	1161	1331369	1146.74	545	3005
contig_607	1159	1212632	1046.27	755	1380
contig_607_region	1159	1212632	1046.27	755	1380
contig_608	1158	1043091	900.77	608	1179
contig_608_region	1158	1043091	900.77	608	1179
contig_609	1157	1460729	1262.51	422	1804
contig_609_region	1157	1460729	1262.51	422	1804
contig_610	1157	940248	812.66	311	1228
contig_610_region	1157	940248	812.66	311	1228
contig_611	1153	163045	141.41	4	1263
contig_611_region	1153	163045	141.41	4	1263
contig_612	1147	1195387	1042.19	269	1726
contig_612_region	1147	1195387	1042.19	269	1726
contig_613	1145	39868	34.82	2	73
contig_613_region	1145	39868	34.82	2	73
contig_614	1142	1298999	1137.48	192	1534
contig_614_region	1142	1298999	1137.48	192	1534
contig_615	1138	1290373	1133.90	867	1367
contig_615_region	1138	1290373	1133.90	867	1367
contig_616	1137	13026	11.46	1	30
contig_616_region	1137	13026	11.46	1	30
contig_617	1135	1247987	1099.55	779	1437
contig_617_region	1135	1247987	1099.55	779	1437
contig_618	1134	1274283	1123.71	292	1397
contig_618_region	1134	1274283	1123.71	292	1397
contig_619	1133	1038074	916.22	285	1200
contig_619_region	1133	1038074	916.22	285	1200
contig_620	1133	556182	490.89	87	711
contig_620_region	1133	556182	490.89	87	711
contig_621	1127	378697	336.02	2	1752
contig_621_region	1127	378697	336.02	2	1752
contig_622	1125	6005043	5337.82	334	18669
contig_622_region	1125	6005043	5337.82	334	18669
contig_623	1125	1008815	896.72	270	1206
contig_623_region	1125	1008815	896.72	270	1206
contig_624	1123	1245657	1109.22	687	2569
contig_624_region	1123	1245657	1109.22	687	2569
contig_625	1122	1037203	924.42	345	1108
contig_625_region	1122	1037203	924.42	345	1108
contig_626	1121	1244475	1110.15	282	1580
contig_626_region	1121	1244475	1110.15	282	1580
contig_627	1119	390976	349.40	65	570
contig_627_region	1119	390976	349.40	65	570
contig_628	1118	1015376	908.21	508	1333
contig_628_region	1118	1015376	908.21	508	1333
contig_629	1116	1176911	1054.58	245	1332
contig_629_region	1116	1176911	1054.58	245	1332
contig_630	1116	12597	11.29	2	27
contig_630_region	1116	12597	11.29	2	27
contig_631	1115	1479042	1326.50	550	1966
contig_631_region	1115	1479042	1326.50	550	1966
contig_632	1114	1822949	1636.40	201	2253
contig_632_region	1114	1822949	1636.40	201	2253
contig_633	1114	1050893	943.35	626	1251
contig_633_region	1114	1050893	943.35	626	1251
contig_634	1114	1181083	1060.22	707	1365
contig_634_region	1114	1181083	1060.22	707	1365
contig_635	1104	1022411	926.10	514	1317
contig_635_region	1104	1022411	926.10	514	1317
contig_636	1103	1737455	1575.21	898	2277
contig_636_region	1103	1737455	1575.21	898	2277
contig_637	1102	1546197	1403.08	753	1787
contig_637_region	1102	1546197	1403.08	753	1787
contig_638	1098	12231	11.14	4	22
contig_638_region	1098	12231	11.14	4	22
contig_639	1093	1046653	957.60	379	1114
contig_639_region	1093	1046653	957.60	379	1114
contig_640	1092	1193828	1093.25	757	1302
contig_640_region	1092	1193828	1093.25	757	1302
contig_641	1091	1069262	980.08	453	1518
contig_641_region	1091	1069262	980.08	453	1518
contig_642	1091	1307891	1198.80	55	1689
contig_642_region	1091	1307891	1198.80	55	1689
contig_643	1090	1112524	1020.66	440	1776
contig_643_region	1090	1112524	1020.66	440	1776
contig_644	1090	987387	905.86	215	1104
contig_644_region	1090	987387	905.86	215	1104
contig_645	1090	77716	71.30	2	553
contig_645_region	1090	77716	71.30	2	553
contig_646	1083	1054918	974.07	335	1581
contig_646_region	1083	1054918	974.07	335	1581
contig_647	1081	1308351	1210.32	857	1602
contig_647_region	1081	1308351	1210.32	857	1602
contig_648	1079	1325926	1228.85	861	1603
contig_648_region	1079	1325926	1228.85	861	1603
contig_649	1077	1165040	1081.75	377	1559
contig_649_region	1077	1165040	1081.75	377	1559
contig_650	1073	66708	62.17	0	277
contig_650_region	1073	66708	62.17	0	277
contig_651	1071	1132571	1057.49	233	1496
contig_651_region	1071	1132571	1057.49	233	1496
contig_652	1071	1031693	963.30	395	1280
contig_652_region	1071	1031693	963.30	395	1280
contig_653	1071	878397	820.17	259	1133
contig_653_region	1071	878397	820.17	259	1133
contig_654	1068	1015108	950.48	251	1371
contig_654_region	1068	1015108	950.48	251	1371
contig_655	1067	1389363	1302.12	758	1807
contig_655_region	1067	1389363	1302.12	758	1807
contig_656	1064	1110661	1043.85	612	1694
contig_656_region	1064	1110661	1043.85	612	1694
contig_657	1061	1264125	1191.45	740	1416
contig_657_region	1061	1264125	1191.45	740	1416
contig_658	1059	1435213	1355.25	811	1812
contig_658_region	1059	1435213	1355.25	811	1812
contig_659	1058	760894	719.18	23	1018
contig_659_region	1058	760894	719.18	23	1018
contig_660	1058	541122	511.46	118	665
contig_660_region	1058	541122	511.46	118	665
contig_661	1056	1259109	1192.34	191	1626
contig_661_region	1056	1259109	1192.34	191	1626
contig_662	1055	1450893	1375.25	413	1720
contig_662_region	1055	1450893	1375.25	413	1720
contig_663	1055	1220761	1157.12	451	1438
contig_663_region	1055	1220761	1157.12	451	1438
contig_664	1054	242494	230.07	23	635
contig_664_region	1054	242494	230.07	23	635
contig_665	1050	1151389	1096.56	350	1299
contig_665_region	1050	1151389	1096.56	350	1299
contig_666	1046	1340031	1281.10	979	1619
contig_666_region	1046	1340031	1281.10	979	1619
contig_667	1040	1381484	1328.35	222	1904
contig_667_region	1040	1381484	1328.35	222	1904
contig_668	1040	336302	323.37	41	453
contig_668_region	1040	336302	323.37	41	453
contig_669	1038	1079294	1039.78	192	3219
contig_669_region	1038	1079294	1039.78	192	3219
contig_670	1032	1258687	1219.66	927	1508
contig_670_region	1032	1258687	1219.66	927	1508
contig_671	1027	277941	270.63	34	433
contig_671_region	1027	277941	270.63	34	433
contig_672	1024	1074753	1049.56	489	1450
contig_672_region	1024	1074753	1049.56	489	1450
contig_673	1024	1403573	1370.68	145	1917
contig_673_region	1024	1403573	1370.68	145	1917
contig_674	1022	1161708	1136.70	339	1621
contig_674_region	1022	1161708	1136.70	339	1621
contig_675	1021	1162346	1138.44	847	1428
contig_675_region	1021	1162346	1138.44	847	1428
contig_676	1021	998037	977.51	206	1497
contig_676_region	1021	998037	977.51	206	1497
contig_677	1019	1325210	1300.50	823	1730
contig_677_region	1019	1325210	1300.50	823	1730
contig_678	1019	1221448	1198.67	412	2208
contig_678_region	1019	1221448	1198.67	412	2208
contig_679	1017	1142766	1123.66	892	1372
contig_679_region	1017	1142766	1123.66	892	1372
contig_680	1015	1412390	1391.52	1076	1723
contig_680_region	1015	1412390	1391.52	1076	1723
contig_681	1015	822497	810.34	11	1401
contig_681_region	1015	822497	810.34	11	1401
contig_682	1014	1939345	1912.57	234	2777
contig_682_region	1014	1939345	1912.57	234	2777
contig_683	1011	1335475	1320.94	475	2039
contig_683_region	1011	1335475	1320.94	475	2039
contig_684	1001	1259887	1258.63	318	3448
contig_684_region	1001	1259887	1258.63	318	3448
total	1961175	2154599570	1098.63	0	40108
total_region	1961175	2154599570	1098.63	0	40108
